======KNeighborsClassifier (n_neighbors = 1) ====================
             precision    recall  f1-score   support

          一       0.94      1.00      0.97        17
          七       0.68      0.76      0.72        17
          三       0.93      0.82      0.87        17
          中       0.74      1.00      0.85        17
          九       0.86      0.71      0.77        17
          二       0.83      0.88      0.86        17
          五       0.79      0.88      0.83        17
          你       0.64      0.41      0.50        17
          八       0.76      0.94      0.84        17
          六       0.80      0.47      0.59        17
          十       0.94      0.94      0.94        17
          四       0.43      0.76      0.55        17
          国       0.92      0.71      0.80        17
          大       0.64      0.82      0.72        17
          好       0.70      0.41      0.52        17
          小       1.00      0.71      0.83        17
          德       0.67      0.71      0.69        17
          想       0.60      0.53      0.56        17
          李       0.84      0.94      0.89        17
          法       0.94      0.88      0.91        17

avg / total       0.78      0.76      0.76       340

accuracy : 76%  
======SVC(kernel='poly')   ====================
             precision    recall  f1-score   support

          一       0.94      0.94      0.94        17
          七       0.50      0.82      0.62        17
          三       0.93      0.82      0.87        17
          中       0.68      1.00      0.81        17
          九       0.65      0.76      0.70        17
          二       1.00      0.88      0.94        17
          五       0.82      0.82      0.82        17
          你       0.83      0.29      0.43        17
          八       0.71      0.88      0.79        17
          六       0.90      0.53      0.67        17
          十       0.86      0.71      0.77        17
          四       0.44      0.94      0.60        17
          国       0.90      0.53      0.67        17
          大       0.69      0.65      0.67        17
          好       0.75      0.53      0.62        17
          小       1.00      0.76      0.87        17
          德       0.75      0.53      0.62        17
          想       0.60      0.71      0.65        17
          李       0.89      0.94      0.91        17
          法       1.00      0.88      0.94        17

avg / total       0.79      0.75      0.75       340

accuracy : 74%  
======RandomForestClassifier (n_estimators = 900)  ====================
             precision    recall  f1-score   support

          一       0.94      1.00      0.97        17
          七       0.58      0.88      0.70        17
          三       0.89      0.94      0.91        17
          中       0.71      1.00      0.83        17
          九       0.65      0.65      0.65        17
          二       0.94      0.94      0.94        17
          五       0.85      0.65      0.73        17
          你       0.67      0.35      0.46        17
          八       0.88      0.88      0.88        17
          六       0.73      0.47      0.57        17
          十       0.94      0.94      0.94        17
          四       0.45      0.76      0.57        17
          国       1.00      0.65      0.79        17
          大       0.64      0.53      0.58        17
          好       0.67      0.35      0.46        17
          小       0.93      0.76      0.84        17
          德       0.50      0.29      0.37        17
          想       0.39      0.71      0.50        17
          李       0.80      0.94      0.86        17
          法       0.73      0.65      0.69        17

avg / total       0.74      0.72      0.71       340

accuracy : 71%  
